(kicad_pcb (version 20171130) (host pcbnew 5.1.2-f72e74a~84~ubuntu16.04.1)

  (general
    (thickness 1.6)
    (drawings 4)
    (tracks 0)
    (zones 0)
    (modules 183)
    (nets 167)
  )

  (page User 355.6 355.6)
  (layers
    (0 F.Cu signal)
    (31 B.Cu signal)
    (32 B.Adhes user)
    (33 F.Adhes user)
    (34 B.Paste user)
    (35 F.Paste user)
    (36 B.SilkS user)
    (37 F.SilkS user)
    (38 B.Mask user)
    (39 F.Mask user)
    (40 Dwgs.User user)
    (41 Cmts.User user)
    (42 Eco1.User user)
    (43 Eco2.User user)
    (44 Edge.Cuts user)
    (45 Margin user)
    (46 B.CrtYd user)
    (47 F.CrtYd user)
    (48 B.Fab user)
    (49 F.Fab user)
  )

  (setup
    (last_trace_width 0.25)
    (trace_clearance 0.2)
    (zone_clearance 0.508)
    (zone_45_only no)
    (trace_min 0.2)
    (via_size 0.8)
    (via_drill 0.4)
    (via_min_size 0.4)
    (via_min_drill 0.3)
    (uvia_size 0.3)
    (uvia_drill 0.1)
    (uvias_allowed no)
    (uvia_min_size 0.2)
    (uvia_min_drill 0.1)
    (edge_width 0.05)
    (segment_width 0.2)
    (pcb_text_width 0.3)
    (pcb_text_size 1.5 1.5)
    (mod_edge_width 0.12)
    (mod_text_size 1 1)
    (mod_text_width 0.15)
    (pad_size 1.524 1.524)
    (pad_drill 0.762)
    (pad_to_mask_clearance 0.051)
    (solder_mask_min_width 0.25)
    (aux_axis_origin 0 0)
    (visible_elements FFFFFF7F)
    (pcbplotparams
      (layerselection 0x010fc_ffffffff)
      (usegerberextensions false)
      (usegerberattributes false)
      (usegerberadvancedattributes false)
      (creategerberjobfile false)
      (excludeedgelayer true)
      (linewidth 0.100000)
      (plotframeref false)
      (viasonmask false)
      (mode 1)
      (useauxorigin false)
      (hpglpennumber 1)
      (hpglpenspeed 20)
      (hpglpendiameter 15.000000)
      (psnegative false)
      (psa4output false)
      (plotreference true)
      (plotvalue true)
      (plotinvisibletext false)
      (padsonsilk false)
      (subtractmaskfromsilk false)
      (outputformat 1)
      (mirror false)
      (drillshape 1)
      (scaleselection 1)
      (outputdirectory ""))
  )

  (net 0 "")
  (net 1 "Net-(D1-Pad1)")
  (net 2 "Net-(D1-Pad2)")
  (net 3 "Net-(D2-Pad1)")
  (net 4 "Net-(D3-Pad1)")
  (net 5 "Net-(D4-Pad1)")
  (net 6 "Net-(D5-Pad1)")
  (net 7 "Net-(D6-Pad1)")
  (net 8 "Net-(D7-Pad1)")
  (net 9 "Net-(D8-Pad1)")
  (net 10 "Net-(D10-Pad2)")
  (net 11 "Net-(D10-Pad1)")
  (net 12 "Net-(D11-Pad1)")
  (net 13 "Net-(D12-Pad1)")
  (net 14 "Net-(D13-Pad1)")
  (net 15 "Net-(D14-Pad1)")
  (net 16 "Net-(D15-Pad1)")
  (net 17 "Net-(D16-Pad1)")
  (net 18 "Net-(D17-Pad1)")
  (net 19 "Net-(D18-Pad1)")
  (net 20 "Net-(D19-Pad1)")
  (net 21 "Net-(D21-Pad1)")
  (net 22 "Net-(D22-Pad1)")
  (net 23 "Net-(D23-Pad1)")
  (net 24 "Net-(D24-Pad1)")
  (net 25 "Net-(D25-Pad1)")
  (net 26 "Net-(D26-Pad1)")
  (net 27 "Net-(D27-Pad1)")
  (net 28 "Net-(D28-Pad1)")
  (net 29 "Net-(D29-Pad1)")
  (net 30 "Net-(D31-Pad1)")
  (net 31 "Net-(D32-Pad1)")
  (net 32 "Net-(D33-Pad1)")
  (net 33 "Net-(D34-Pad1)")
  (net 34 "Net-(D35-Pad1)")
  (net 35 "Net-(D36-Pad1)")
  (net 36 "Net-(D37-Pad1)")
  (net 37 "Net-(D38-Pad1)")
  (net 38 "Net-(D39-Pad1)")
  (net 39 "Net-(D41-Pad1)")
  (net 40 "Net-(D42-Pad1)")
  (net 41 "Net-(D43-Pad1)")
  (net 42 "Net-(D44-Pad1)")
  (net 43 "Net-(D45-Pad1)")
  (net 44 "Net-(D46-Pad1)")
  (net 45 "Net-(D47-Pad1)")
  (net 46 "Net-(D48-Pad1)")
  (net 47 "Net-(D49-Pad1)")
  (net 48 "Net-(D51-Pad1)")
  (net 49 "Net-(D52-Pad1)")
  (net 50 "Net-(D53-Pad1)")
  (net 51 "Net-(D54-Pad1)")
  (net 52 "Net-(D55-Pad1)")
  (net 53 "Net-(D56-Pad1)")
  (net 54 "Net-(D57-Pad1)")
  (net 55 "Net-(D58-Pad1)")
  (net 56 "Net-(D59-Pad1)")
  (net 57 "Net-(D61-Pad1)")
  (net 58 "Net-(D62-Pad1)")
  (net 59 "Net-(D63-Pad1)")
  (net 60 "Net-(D64-Pad1)")
  (net 61 "Net-(D65-Pad1)")
  (net 62 "Net-(D66-Pad1)")
  (net 63 "Net-(D67-Pad1)")
  (net 64 "Net-(D68-Pad1)")
  (net 65 "Net-(D69-Pad1)")
  (net 66 "Net-(D71-Pad1)")
  (net 67 "Net-(D72-Pad1)")
  (net 68 "Net-(D73-Pad1)")
  (net 69 "Net-(D74-Pad1)")
  (net 70 "Net-(D75-Pad1)")
  (net 71 "Net-(D76-Pad1)")
  (net 72 "Net-(D77-Pad1)")
  (net 73 "Net-(D78-Pad1)")
  (net 74 "Net-(D79-Pad1)")
  (net 75 "Net-(D81-Pad1)")
  (net 76 "Net-(D82-Pad1)")
  (net 77 "Net-(D83-Pad1)")
  (net 78 "Net-(D84-Pad1)")
  (net 79 "Net-(D85-Pad1)")
  (net 80 "Net-(D86-Pad1)")
  (net 81 "Net-(D87-Pad1)")
  (net 82 "Net-(D88-Pad1)")
  (net 83 "Net-(D89-Pad1)")
  (net 84 "Net-(D91-Pad1)")
  (net 85 "Net-(D92-Pad1)")
  (net 86 "Net-(D93-Pad1)")
  (net 87 "Net-(D94-Pad1)")
  (net 88 "Net-(D95-Pad1)")
  (net 89 "Net-(D96-Pad1)")
  (net 90 "Net-(D97-Pad1)")
  (net 91 "Net-(D98-Pad1)")
  (net 92 "Net-(D100-Pad2)")
  (net 93 "Net-(D101-Pad1)")
  (net 94 "Net-(D101-Pad2)")
  (net 95 "Net-(D102-Pad1)")
  (net 96 "Net-(D103-Pad1)")
  (net 97 "Net-(D104-Pad1)")
  (net 98 "Net-(D105-Pad1)")
  (net 99 "Net-(D106-Pad1)")
  (net 100 "Net-(D107-Pad1)")
  (net 101 "Net-(D108-Pad1)")
  (net 102 "Net-(D109-Pad1)")
  (net 103 "Net-(D110-Pad1)")
  (net 104 "Net-(D111-Pad1)")
  (net 105 "Net-(D112-Pad1)")
  (net 106 "Net-(D113-Pad1)")
  (net 107 "Net-(D114-Pad1)")
  (net 108 "Net-(D115-Pad1)")
  (net 109 "Net-(D116-Pad1)")
  (net 110 "Net-(D117-Pad1)")
  (net 111 "Net-(D119-Pad1)")
  (net 112 "Net-(D120-Pad1)")
  (net 113 "Net-(D121-Pad1)")
  (net 114 "Net-(D122-Pad1)")
  (net 115 "Net-(D123-Pad1)")
  (net 116 "Net-(D124-Pad1)")
  (net 117 "Net-(D125-Pad1)")
  (net 118 "Net-(D126-Pad1)")
  (net 119 "Net-(D128-Pad1)")
  (net 120 "Net-(D129-Pad1)")
  (net 121 "Net-(D130-Pad1)")
  (net 122 "Net-(D131-Pad1)")
  (net 123 "Net-(D132-Pad1)")
  (net 124 "Net-(D133-Pad1)")
  (net 125 "Net-(D134-Pad1)")
  (net 126 "Net-(D135-Pad1)")
  (net 127 "Net-(D137-Pad1)")
  (net 128 "Net-(D138-Pad1)")
  (net 129 "Net-(D139-Pad1)")
  (net 130 "Net-(D140-Pad1)")
  (net 131 "Net-(D141-Pad1)")
  (net 132 "Net-(D142-Pad1)")
  (net 133 "Net-(D143-Pad1)")
  (net 134 "Net-(D144-Pad1)")
  (net 135 "Net-(D146-Pad1)")
  (net 136 "Net-(D147-Pad1)")
  (net 137 "Net-(D148-Pad1)")
  (net 138 "Net-(D149-Pad1)")
  (net 139 "Net-(D150-Pad1)")
  (net 140 "Net-(D151-Pad1)")
  (net 141 "Net-(D152-Pad1)")
  (net 142 "Net-(D153-Pad1)")
  (net 143 "Net-(D155-Pad1)")
  (net 144 "Net-(D156-Pad1)")
  (net 145 "Net-(D157-Pad1)")
  (net 146 "Net-(D158-Pad1)")
  (net 147 "Net-(D159-Pad1)")
  (net 148 "Net-(D160-Pad1)")
  (net 149 "Net-(D161-Pad1)")
  (net 150 "Net-(D162-Pad1)")
  (net 151 "Net-(D164-Pad1)")
  (net 152 "Net-(D165-Pad1)")
  (net 153 "Net-(D166-Pad1)")
  (net 154 "Net-(D167-Pad1)")
  (net 155 "Net-(D168-Pad1)")
  (net 156 "Net-(D169-Pad1)")
  (net 157 "Net-(D170-Pad1)")
  (net 158 "Net-(D171-Pad1)")
  (net 159 "Net-(D173-Pad1)")
  (net 160 "Net-(D174-Pad1)")
  (net 161 "Net-(D175-Pad1)")
  (net 162 "Net-(D176-Pad1)")
  (net 163 "Net-(D177-Pad1)")
  (net 164 "Net-(D178-Pad1)")
  (net 165 "Net-(D179-Pad1)")
  (net 166 "Net-(D180-Pad1)")

  (net_class Default "This is the default net class."
    (clearance 0.2)
    (trace_width 0.25)
    (via_dia 0.8)
    (via_drill 0.4)
    (uvia_dia 0.3)
    (uvia_drill 0.1)
    (add_net "Net-(D1-Pad1)")
    (add_net "Net-(D1-Pad2)")
    (add_net "Net-(D10-Pad1)")
    (add_net "Net-(D10-Pad2)")
    (add_net "Net-(D100-Pad2)")
    (add_net "Net-(D101-Pad1)")
    (add_net "Net-(D101-Pad2)")
    (add_net "Net-(D102-Pad1)")
    (add_net "Net-(D103-Pad1)")
    (add_net "Net-(D104-Pad1)")
    (add_net "Net-(D105-Pad1)")
    (add_net "Net-(D106-Pad1)")
    (add_net "Net-(D107-Pad1)")
    (add_net "Net-(D108-Pad1)")
    (add_net "Net-(D109-Pad1)")
    (add_net "Net-(D11-Pad1)")
    (add_net "Net-(D110-Pad1)")
    (add_net "Net-(D111-Pad1)")
    (add_net "Net-(D112-Pad1)")
    (add_net "Net-(D113-Pad1)")
    (add_net "Net-(D114-Pad1)")
    (add_net "Net-(D115-Pad1)")
    (add_net "Net-(D116-Pad1)")
    (add_net "Net-(D117-Pad1)")
    (add_net "Net-(D119-Pad1)")
    (add_net "Net-(D12-Pad1)")
    (add_net "Net-(D120-Pad1)")
    (add_net "Net-(D121-Pad1)")
    (add_net "Net-(D122-Pad1)")
    (add_net "Net-(D123-Pad1)")
    (add_net "Net-(D124-Pad1)")
    (add_net "Net-(D125-Pad1)")
    (add_net "Net-(D126-Pad1)")
    (add_net "Net-(D128-Pad1)")
    (add_net "Net-(D129-Pad1)")
    (add_net "Net-(D13-Pad1)")
    (add_net "Net-(D130-Pad1)")
    (add_net "Net-(D131-Pad1)")
    (add_net "Net-(D132-Pad1)")
    (add_net "Net-(D133-Pad1)")
    (add_net "Net-(D134-Pad1)")
    (add_net "Net-(D135-Pad1)")
    (add_net "Net-(D137-Pad1)")
    (add_net "Net-(D138-Pad1)")
    (add_net "Net-(D139-Pad1)")
    (add_net "Net-(D14-Pad1)")
    (add_net "Net-(D140-Pad1)")
    (add_net "Net-(D141-Pad1)")
    (add_net "Net-(D142-Pad1)")
    (add_net "Net-(D143-Pad1)")
    (add_net "Net-(D144-Pad1)")
    (add_net "Net-(D146-Pad1)")
    (add_net "Net-(D147-Pad1)")
    (add_net "Net-(D148-Pad1)")
    (add_net "Net-(D149-Pad1)")
    (add_net "Net-(D15-Pad1)")
    (add_net "Net-(D150-Pad1)")
    (add_net "Net-(D151-Pad1)")
    (add_net "Net-(D152-Pad1)")
    (add_net "Net-(D153-Pad1)")
    (add_net "Net-(D155-Pad1)")
    (add_net "Net-(D156-Pad1)")
    (add_net "Net-(D157-Pad1)")
    (add_net "Net-(D158-Pad1)")
    (add_net "Net-(D159-Pad1)")
    (add_net "Net-(D16-Pad1)")
    (add_net "Net-(D160-Pad1)")
    (add_net "Net-(D161-Pad1)")
    (add_net "Net-(D162-Pad1)")
    (add_net "Net-(D164-Pad1)")
    (add_net "Net-(D165-Pad1)")
    (add_net "Net-(D166-Pad1)")
    (add_net "Net-(D167-Pad1)")
    (add_net "Net-(D168-Pad1)")
    (add_net "Net-(D169-Pad1)")
    (add_net "Net-(D17-Pad1)")
    (add_net "Net-(D170-Pad1)")
    (add_net "Net-(D171-Pad1)")
    (add_net "Net-(D173-Pad1)")
    (add_net "Net-(D174-Pad1)")
    (add_net "Net-(D175-Pad1)")
    (add_net "Net-(D176-Pad1)")
    (add_net "Net-(D177-Pad1)")
    (add_net "Net-(D178-Pad1)")
    (add_net "Net-(D179-Pad1)")
    (add_net "Net-(D18-Pad1)")
    (add_net "Net-(D180-Pad1)")
    (add_net "Net-(D19-Pad1)")
    (add_net "Net-(D2-Pad1)")
    (add_net "Net-(D21-Pad1)")
    (add_net "Net-(D22-Pad1)")
    (add_net "Net-(D23-Pad1)")
    (add_net "Net-(D24-Pad1)")
    (add_net "Net-(D25-Pad1)")
    (add_net "Net-(D26-Pad1)")
    (add_net "Net-(D27-Pad1)")
    (add_net "Net-(D28-Pad1)")
    (add_net "Net-(D29-Pad1)")
    (add_net "Net-(D3-Pad1)")
    (add_net "Net-(D31-Pad1)")
    (add_net "Net-(D32-Pad1)")
    (add_net "Net-(D33-Pad1)")
    (add_net "Net-(D34-Pad1)")
    (add_net "Net-(D35-Pad1)")
    (add_net "Net-(D36-Pad1)")
    (add_net "Net-(D37-Pad1)")
    (add_net "Net-(D38-Pad1)")
    (add_net "Net-(D39-Pad1)")
    (add_net "Net-(D4-Pad1)")
    (add_net "Net-(D41-Pad1)")
    (add_net "Net-(D42-Pad1)")
    (add_net "Net-(D43-Pad1)")
    (add_net "Net-(D44-Pad1)")
    (add_net "Net-(D45-Pad1)")
    (add_net "Net-(D46-Pad1)")
    (add_net "Net-(D47-Pad1)")
    (add_net "Net-(D48-Pad1)")
    (add_net "Net-(D49-Pad1)")
    (add_net "Net-(D5-Pad1)")
    (add_net "Net-(D51-Pad1)")
    (add_net "Net-(D52-Pad1)")
    (add_net "Net-(D53-Pad1)")
    (add_net "Net-(D54-Pad1)")
    (add_net "Net-(D55-Pad1)")
    (add_net "Net-(D56-Pad1)")
    (add_net "Net-(D57-Pad1)")
    (add_net "Net-(D58-Pad1)")
    (add_net "Net-(D59-Pad1)")
    (add_net "Net-(D6-Pad1)")
    (add_net "Net-(D61-Pad1)")
    (add_net "Net-(D62-Pad1)")
    (add_net "Net-(D63-Pad1)")
    (add_net "Net-(D64-Pad1)")
    (add_net "Net-(D65-Pad1)")
    (add_net "Net-(D66-Pad1)")
    (add_net "Net-(D67-Pad1)")
    (add_net "Net-(D68-Pad1)")
    (add_net "Net-(D69-Pad1)")
    (add_net "Net-(D7-Pad1)")
    (add_net "Net-(D71-Pad1)")
    (add_net "Net-(D72-Pad1)")
    (add_net "Net-(D73-Pad1)")
    (add_net "Net-(D74-Pad1)")
    (add_net "Net-(D75-Pad1)")
    (add_net "Net-(D76-Pad1)")
    (add_net "Net-(D77-Pad1)")
    (add_net "Net-(D78-Pad1)")
    (add_net "Net-(D79-Pad1)")
    (add_net "Net-(D8-Pad1)")
    (add_net "Net-(D81-Pad1)")
    (add_net "Net-(D82-Pad1)")
    (add_net "Net-(D83-Pad1)")
    (add_net "Net-(D84-Pad1)")
    (add_net "Net-(D85-Pad1)")
    (add_net "Net-(D86-Pad1)")
    (add_net "Net-(D87-Pad1)")
    (add_net "Net-(D88-Pad1)")
    (add_net "Net-(D89-Pad1)")
    (add_net "Net-(D91-Pad1)")
    (add_net "Net-(D92-Pad1)")
    (add_net "Net-(D93-Pad1)")
    (add_net "Net-(D94-Pad1)")
    (add_net "Net-(D95-Pad1)")
    (add_net "Net-(D96-Pad1)")
    (add_net "Net-(D97-Pad1)")
    (add_net "Net-(D98-Pad1)")
  )

  (module led_5mm_custom:LED_5mm_custom (layer F.Cu) (tedit 5DAA1E7A) (tstamp 5DAAE173)
    (at 161.245001 -30.034999)
    (descr "LED, Round, FlatTop, diameter 5.0mm, 2 pins,")
    (tags "LED Round FlatTop diameter 5.0mm 2 pins")
    (path /5DA9DF12)
    (fp_text reference D1 (at 0 -4.01) (layer F.SilkS)
      (effects (font (size 1 1) (thickness 0.15)))
    )
    (fp_text value LED_ALT (at 0 4.01) (layer F.Fab) hide
      (effects (font (size 1 1) (thickness 0.15)))
    )
    (fp_arc (start 0 0) (end -2.5 -1.566046) (angle 295.9) (layer F.Fab) (width 0.1))
    (fp_arc (start 0 0) (end -2.56 -1.639512) (angle 147.4) (layer F.SilkS) (width 0.12))
    (fp_arc (start 0 0) (end -2.56 1.639512) (angle -147.4) (layer F.SilkS) (width 0.12))
    (fp_circle (center 0 0) (end 2.5 0) (layer F.Fab) (width 0.1))
    (fp_circle (center 0 0) (end 2.5 0) (layer F.SilkS) (width 0.12))
    (fp_line (start -2.5 -1.566046) (end -2.5 1.566046) (layer F.Fab) (width 0.1))
    (fp_line (start -2.56 -1.64) (end -2.56 1.64) (layer F.SilkS) (width 0.12))
    (fp_line (start -3.27 -3.3) (end -3.27 3.3) (layer F.CrtYd) (width 0.05))
    (fp_line (start -3.27 3.3) (end 3.28 3.3) (layer F.CrtYd) (width 0.05))
    (fp_line (start 3.28 3.3) (end 3.28 -3.3) (layer F.CrtYd) (width 0.05))
    (fp_line (start 3.28 -3.3) (end -3.27 -3.3) (layer F.CrtYd) (width 0.05))
    (pad 1 thru_hole rect (at -1.27 0) (size 2 2) (drill 1) (layers *.Cu *.Mask)
      (net 1 "Net-(D1-Pad1)"))
    (pad 2 thru_hole circle (at 1.27 0) (size 2 2) (drill 1) (layers *.Cu *.Mask)
      (net 2 "Net-(D1-Pad2)"))
    (model ${KISYS3DMOD}/LEDs.3dshapes/LED_D5.0mm_FlatTop.wrl
      (at (xyz 0 0 0))
      (scale (xyz 0.393701 0.393701 0.393701))
      (rotate (xyz 0 0 0))
    )
  )

  (module led_5mm_custom:LED_5mm_custom (layer F.Cu) (tedit 5DAA1E7A) (tstamp 5DAAE184)
    (at 208.995001 -38.434999)
    (descr "LED, Round, FlatTop, diameter 5.0mm, 2 pins,")
    (tags "LED Round FlatTop diameter 5.0mm 2 pins")
    (path /5DAC837A)
    (fp_text reference D2 (at 0 -4.01) (layer F.SilkS)
      (effects (font (size 1 1) (thickness 0.15)))
    )
    (fp_text value LED_ALT (at 0 4.01) (layer F.Fab) hide
      (effects (font (size 1 1) (thickness 0.15)))
    )
    (fp_arc (start 0 0) (end -2.5 -1.566046) (angle 295.9) (layer F.Fab) (width 0.1))
    (fp_arc (start 0 0) (end -2.56 -1.639512) (angle 147.4) (layer F.SilkS) (width 0.12))
    (fp_arc (start 0 0) (end -2.56 1.639512) (angle -147.4) (layer F.SilkS) (width 0.12))
    (fp_circle (center 0 0) (end 2.5 0) (layer F.Fab) (width 0.1))
    (fp_circle (center 0 0) (end 2.5 0) (layer F.SilkS) (width 0.12))
    (fp_line (start -2.5 -1.566046) (end -2.5 1.566046) (layer F.Fab) (width 0.1))
    (fp_line (start -2.56 -1.64) (end -2.56 1.64) (layer F.SilkS) (width 0.12))
    (fp_line (start -3.27 -3.3) (end -3.27 3.3) (layer F.CrtYd) (width 0.05))
    (fp_line (start -3.27 3.3) (end 3.28 3.3) (layer F.CrtYd) (width 0.05))
    (fp_line (start 3.28 3.3) (end 3.28 -3.3) (layer F.CrtYd) (width 0.05))
    (fp_line (start 3.28 -3.3) (end -3.27 -3.3) (layer F.CrtYd) (width 0.05))
    (pad 1 thru_hole rect (at -1.27 0) (size 2 2) (drill 1) (layers *.Cu *.Mask)
      (net 3 "Net-(D2-Pad1)"))
    (pad 2 thru_hole circle (at 1.27 0) (size 2 2) (drill 1) (layers *.Cu *.Mask)
      (net 1 "Net-(D1-Pad1)"))
    (model ${KISYS3DMOD}/LEDs.3dshapes/LED_D5.0mm_FlatTop.wrl
      (at (xyz 0 0 0))
      (scale (xyz 0.393701 0.393701 0.393701))
      (rotate (xyz 0 0 0))
    )
  )

  (module led_5mm_custom:LED_5mm_custom (layer F.Cu) (tedit 5DAA1E7A) (tstamp 5DAAE195)
    (at 201.395001 -30.784999)
    (descr "LED, Round, FlatTop, diameter 5.0mm, 2 pins,")
    (tags "LED Round FlatTop diameter 5.0mm 2 pins")
    (path /5DAC8A46)
    (fp_text reference D3 (at 0 -4.01) (layer F.SilkS)
      (effects (font (size 1 1) (thickness 0.15)))
    )
    (fp_text value LED_ALT (at 0 4.01) (layer F.Fab) hide
      (effects (font (size 1 1) (thickness 0.15)))
    )
    (fp_line (start 3.28 -3.3) (end -3.27 -3.3) (layer F.CrtYd) (width 0.05))
    (fp_line (start 3.28 3.3) (end 3.28 -3.3) (layer F.CrtYd) (width 0.05))
    (fp_line (start -3.27 3.3) (end 3.28 3.3) (layer F.CrtYd) (width 0.05))
    (fp_line (start -3.27 -3.3) (end -3.27 3.3) (layer F.CrtYd) (width 0.05))
    (fp_line (start -2.56 -1.64) (end -2.56 1.64) (layer F.SilkS) (width 0.12))
    (fp_line (start -2.5 -1.566046) (end -2.5 1.566046) (layer F.Fab) (width 0.1))
    (fp_circle (center 0 0) (end 2.5 0) (layer F.SilkS) (width 0.12))
    (fp_circle (center 0 0) (end 2.5 0) (layer F.Fab) (width 0.1))
    (fp_arc (start 0 0) (end -2.56 1.639512) (angle -147.4) (layer F.SilkS) (width 0.12))
    (fp_arc (start 0 0) (end -2.56 -1.639512) (angle 147.4) (layer F.SilkS) (width 0.12))
    (fp_arc (start 0 0) (end -2.5 -1.566046) (angle 295.9) (layer F.Fab) (width 0.1))
    (pad 2 thru_hole circle (at 1.27 0) (size 2 2) (drill 1) (layers *.Cu *.Mask)
      (net 3 "Net-(D2-Pad1)"))
    (pad 1 thru_hole rect (at -1.27 0) (size 2 2) (drill 1) (layers *.Cu *.Mask)
      (net 4 "Net-(D3-Pad1)"))
    (model ${KISYS3DMOD}/LEDs.3dshapes/LED_D5.0mm_FlatTop.wrl
      (at (xyz 0 0 0))
      (scale (xyz 0.393701 0.393701 0.393701))
      (rotate (xyz 0 0 0))
    )
  )

  (module led_5mm_custom:LED_5mm_custom (layer F.Cu) (tedit 5DAA1E7A) (tstamp 5DAAE1A6)
    (at 181.895001 -15.484999)
    (descr "LED, Round, FlatTop, diameter 5.0mm, 2 pins,")
    (tags "LED Round FlatTop diameter 5.0mm 2 pins")
    (path /5DAC8A51)
    (fp_text reference D4 (at 0 -4.01) (layer F.SilkS)
      (effects (font (size 1 1) (thickness 0.15)))
    )
    (fp_text value LED_ALT (at 0 4.01) (layer F.Fab) hide
      (effects (font (size 1 1) (thickness 0.15)))
    )
    (fp_arc (start 0 0) (end -2.5 -1.566046) (angle 295.9) (layer F.Fab) (width 0.1))
    (fp_arc (start 0 0) (end -2.56 -1.639512) (angle 147.4) (layer F.SilkS) (width 0.12))
    (fp_arc (start 0 0) (end -2.56 1.639512) (angle -147.4) (layer F.SilkS) (width 0.12))
    (fp_circle (center 0 0) (end 2.5 0) (layer F.Fab) (width 0.1))
    (fp_circle (center 0 0) (end 2.5 0) (layer F.SilkS) (width 0.12))
    (fp_line (start -2.5 -1.566046) (end -2.5 1.566046) (layer F.Fab) (width 0.1))
    (fp_line (start -2.56 -1.64) (end -2.56 1.64) (layer F.SilkS) (width 0.12))
    (fp_line (start -3.27 -3.3) (end -3.27 3.3) (layer F.CrtYd) (width 0.05))
    (fp_line (start -3.27 3.3) (end 3.28 3.3) (layer F.CrtYd) (width 0.05))
    (fp_line (start 3.28 3.3) (end 3.28 -3.3) (layer F.CrtYd) (width 0.05))
    (fp_line (start 3.28 -3.3) (end -3.27 -3.3) (layer F.CrtYd) (width 0.05))
    (pad 1 thru_hole rect (at -1.27 0) (size 2 2) (drill 1) (layers *.Cu *.Mask)
      (net 5 "Net-(D4-Pad1)"))
    (pad 2 thru_hole circle (at 1.27 0) (size 2 2) (drill 1) (layers *.Cu *.Mask)
      (net 4 "Net-(D3-Pad1)"))
    (model ${KISYS3DMOD}/LEDs.3dshapes/LED_D5.0mm_FlatTop.wrl
      (at (xyz 0 0 0))
      (scale (xyz 0.393701 0.393701 0.393701))
      (rotate (xyz 0 0 0))
    )
  )

  (module led_5mm_custom:LED_5mm_custom (layer F.Cu) (tedit 5DAA1E7A) (tstamp 5DAAE1B7)
    (at 203.545001 -46.084999)
    (descr "LED, Round, FlatTop, diameter 5.0mm, 2 pins,")
    (tags "LED Round FlatTop diameter 5.0mm 2 pins")
    (path /5DAC9A6A)
    (fp_text reference D5 (at 0 -4.01) (layer F.SilkS)
      (effects (font (size 1 1) (thickness 0.15)))
    )
    (fp_text value LED_ALT (at 0 4.01) (layer F.Fab) hide
      (effects (font (size 1 1) (thickness 0.15)))
    )
    (fp_line (start 3.28 -3.3) (end -3.27 -3.3) (layer F.CrtYd) (width 0.05))
    (fp_line (start 3.28 3.3) (end 3.28 -3.3) (layer F.CrtYd) (width 0.05))
    (fp_line (start -3.27 3.3) (end 3.28 3.3) (layer F.CrtYd) (width 0.05))
    (fp_line (start -3.27 -3.3) (end -3.27 3.3) (layer F.CrtYd) (width 0.05))
    (fp_line (start -2.56 -1.64) (end -2.56 1.64) (layer F.SilkS) (width 0.12))
    (fp_line (start -2.5 -1.566046) (end -2.5 1.566046) (layer F.Fab) (width 0.1))
    (fp_circle (center 0 0) (end 2.5 0) (layer F.SilkS) (width 0.12))
    (fp_circle (center 0 0) (end 2.5 0) (layer F.Fab) (width 0.1))
    (fp_arc (start 0 0) (end -2.56 1.639512) (angle -147.4) (layer F.SilkS) (width 0.12))
    (fp_arc (start 0 0) (end -2.56 -1.639512) (angle 147.4) (layer F.SilkS) (width 0.12))
    (fp_arc (start 0 0) (end -2.5 -1.566046) (angle 295.9) (layer F.Fab) (width 0.1))
    (pad 2 thru_hole circle (at 1.27 0) (size 2 2) (drill 1) (layers *.Cu *.Mask)
      (net 5 "Net-(D4-Pad1)"))
    (pad 1 thru_hole rect (at -1.27 0) (size 2 2) (drill 1) (layers *.Cu *.Mask)
      (net 6 "Net-(D5-Pad1)"))
    (model ${KISYS3DMOD}/LEDs.3dshapes/LED_D5.0mm_FlatTop.wrl
      (at (xyz 0 0 0))
      (scale (xyz 0.393701 0.393701 0.393701))
      (rotate (xyz 0 0 0))
    )
  )

  (module led_5mm_custom:LED_5mm_custom (layer F.Cu) (tedit 5DAA1E7A) (tstamp 5DAAE1C8)
    (at 220.895001 -53.734999)
    (descr "LED, Round, FlatTop, diameter 5.0mm, 2 pins,")
    (tags "LED Round FlatTop diameter 5.0mm 2 pins")
    (path /5DAC9A75)
    (fp_text reference D6 (at 0 -4.01) (layer F.SilkS)
      (effects (font (size 1 1) (thickness 0.15)))
    )
    (fp_text value LED_ALT (at 0 4.01) (layer F.Fab) hide
      (effects (font (size 1 1) (thickness 0.15)))
    )
    (fp_arc (start 0 0) (end -2.5 -1.566046) (angle 295.9) (layer F.Fab) (width 0.1))
    (fp_arc (start 0 0) (end -2.56 -1.639512) (angle 147.4) (layer F.SilkS) (width 0.12))
    (fp_arc (start 0 0) (end -2.56 1.639512) (angle -147.4) (layer F.SilkS) (width 0.12))
    (fp_circle (center 0 0) (end 2.5 0) (layer F.Fab) (width 0.1))
    (fp_circle (center 0 0) (end 2.5 0) (layer F.SilkS) (width 0.12))
    (fp_line (start -2.5 -1.566046) (end -2.5 1.566046) (layer F.Fab) (width 0.1))
    (fp_line (start -2.56 -1.64) (end -2.56 1.64) (layer F.SilkS) (width 0.12))
    (fp_line (start -3.27 -3.3) (end -3.27 3.3) (layer F.CrtYd) (width 0.05))
    (fp_line (start -3.27 3.3) (end 3.28 3.3) (layer F.CrtYd) (width 0.05))
    (fp_line (start 3.28 3.3) (end 3.28 -3.3) (layer F.CrtYd) (width 0.05))
    (fp_line (start 3.28 -3.3) (end -3.27 -3.3) (layer F.CrtYd) (width 0.05))
    (pad 1 thru_hole rect (at -1.27 0) (size 2 2) (drill 1) (layers *.Cu *.Mask)
      (net 7 "Net-(D6-Pad1)"))
    (pad 2 thru_hole circle (at 1.27 0) (size 2 2) (drill 1) (layers *.Cu *.Mask)
      (net 6 "Net-(D5-Pad1)"))
    (model ${KISYS3DMOD}/LEDs.3dshapes/LED_D5.0mm_FlatTop.wrl
      (at (xyz 0 0 0))
      (scale (xyz 0.393701 0.393701 0.393701))
      (rotate (xyz 0 0 0))
    )
  )

  (module led_5mm_custom:LED_5mm_custom (layer F.Cu) (tedit 5DAA1E7A) (tstamp 5DAAE1D9)
    (at 155.445001 10.315001)
    (descr "LED, Round, FlatTop, diameter 5.0mm, 2 pins,")
    (tags "LED Round FlatTop diameter 5.0mm 2 pins")
    (path /5DAC9A80)
    (fp_text reference D7 (at 0 -4.01) (layer F.SilkS)
      (effects (font (size 1 1) (thickness 0.15)))
    )
    (fp_text value LED_ALT (at 0 4.01) (layer F.Fab) hide
      (effects (font (size 1 1) (thickness 0.15)))
    )
    (fp_line (start 3.28 -3.3) (end -3.27 -3.3) (layer F.CrtYd) (width 0.05))
    (fp_line (start 3.28 3.3) (end 3.28 -3.3) (layer F.CrtYd) (width 0.05))
    (fp_line (start -3.27 3.3) (end 3.28 3.3) (layer F.CrtYd) (width 0.05))
    (fp_line (start -3.27 -3.3) (end -3.27 3.3) (layer F.CrtYd) (width 0.05))
    (fp_line (start -2.56 -1.64) (end -2.56 1.64) (layer F.SilkS) (width 0.12))
    (fp_line (start -2.5 -1.566046) (end -2.5 1.566046) (layer F.Fab) (width 0.1))
    (fp_circle (center 0 0) (end 2.5 0) (layer F.SilkS) (width 0.12))
    (fp_circle (center 0 0) (end 2.5 0) (layer F.Fab) (width 0.1))
    (fp_arc (start 0 0) (end -2.56 1.639512) (angle -147.4) (layer F.SilkS) (width 0.12))
    (fp_arc (start 0 0) (end -2.56 -1.639512) (angle 147.4) (layer F.SilkS) (width 0.12))
    (fp_arc (start 0 0) (end -2.5 -1.566046) (angle 295.9) (layer F.Fab) (width 0.1))
    (pad 2 thru_hole circle (at 1.27 0) (size 2 2) (drill 1) (layers *.Cu *.Mask)
      (net 7 "Net-(D6-Pad1)"))
    (pad 1 thru_hole rect (at -1.27 0) (size 2 2) (drill 1) (layers *.Cu *.Mask)
      (net 8 "Net-(D7-Pad1)"))
    (model ${KISYS3DMOD}/LEDs.3dshapes/LED_D5.0mm_FlatTop.wrl
      (at (xyz 0 0 0))
      (scale (xyz 0.393701 0.393701 0.393701))
      (rotate (xyz 0 0 0))
    )
  )

  (module led_5mm_custom:LED_5mm_custom (layer F.Cu) (tedit 5DAA1E7A) (tstamp 5DAAE1EA)
    (at 163.045001 0.565001)
    (descr "LED, Round, FlatTop, diameter 5.0mm, 2 pins,")
    (tags "LED Round FlatTop diameter 5.0mm 2 pins")
    (path /5DAC9A8B)
    (fp_text reference D8 (at 0 -4.01) (layer F.SilkS)
      (effects (font (size 1 1) (thickness 0.15)))
    )
    (fp_text value LED_ALT (at 0 4.01) (layer F.Fab) hide
      (effects (font (size 1 1) (thickness 0.15)))
    )
    (fp_arc (start 0 0) (end -2.5 -1.566046) (angle 295.9) (layer F.Fab) (width 0.1))
    (fp_arc (start 0 0) (end -2.56 -1.639512) (angle 147.4) (layer F.SilkS) (width 0.12))
    (fp_arc (start 0 0) (end -2.56 1.639512) (angle -147.4) (layer F.SilkS) (width 0.12))
    (fp_circle (center 0 0) (end 2.5 0) (layer F.Fab) (width 0.1))
    (fp_circle (center 0 0) (end 2.5 0) (layer F.SilkS) (width 0.12))
    (fp_line (start -2.5 -1.566046) (end -2.5 1.566046) (layer F.Fab) (width 0.1))
    (fp_line (start -2.56 -1.64) (end -2.56 1.64) (layer F.SilkS) (width 0.12))
    (fp_line (start -3.27 -3.3) (end -3.27 3.3) (layer F.CrtYd) (width 0.05))
    (fp_line (start -3.27 3.3) (end 3.28 3.3) (layer F.CrtYd) (width 0.05))
    (fp_line (start 3.28 3.3) (end 3.28 -3.3) (layer F.CrtYd) (width 0.05))
    (fp_line (start 3.28 -3.3) (end -3.27 -3.3) (layer F.CrtYd) (width 0.05))
    (pad 1 thru_hole rect (at -1.27 0) (size 2 2) (drill 1) (layers *.Cu *.Mask)
      (net 9 "Net-(D8-Pad1)"))
    (pad 2 thru_hole circle (at 1.27 0) (size 2 2) (drill 1) (layers *.Cu *.Mask)
      (net 8 "Net-(D7-Pad1)"))
    (model ${KISYS3DMOD}/LEDs.3dshapes/LED_D5.0mm_FlatTop.wrl
      (at (xyz 0 0 0))
      (scale (xyz 0.393701 0.393701 0.393701))
      (rotate (xyz 0 0 0))
    )
  )

  (module led_5mm_custom:LED_5mm_custom (layer F.Cu) (tedit 5DAA1E7A) (tstamp 5DAAE1FB)
    (at 211.145001 -46.084999)
    (descr "LED, Round, FlatTop, diameter 5.0mm, 2 pins,")
    (tags "LED Round FlatTop diameter 5.0mm 2 pins")
    (path /5DACB7EA)
    (fp_text reference D9 (at 0 -4.01) (layer F.SilkS)
      (effects (font (size 1 1) (thickness 0.15)))
    )
    (fp_text value LED_ALT (at 0 4.01) (layer F.Fab) hide
      (effects (font (size 1 1) (thickness 0.15)))
    )
    (fp_line (start 3.28 -3.3) (end -3.27 -3.3) (layer F.CrtYd) (width 0.05))
    (fp_line (start 3.28 3.3) (end 3.28 -3.3) (layer F.CrtYd) (width 0.05))
    (fp_line (start -3.27 3.3) (end 3.28 3.3) (layer F.CrtYd) (width 0.05))
    (fp_line (start -3.27 -3.3) (end -3.27 3.3) (layer F.CrtYd) (width 0.05))
    (fp_line (start -2.56 -1.64) (end -2.56 1.64) (layer F.SilkS) (width 0.12))
    (fp_line (start -2.5 -1.566046) (end -2.5 1.566046) (layer F.Fab) (width 0.1))
    (fp_circle (center 0 0) (end 2.5 0) (layer F.SilkS) (width 0.12))
    (fp_circle (center 0 0) (end 2.5 0) (layer F.Fab) (width 0.1))
    (fp_arc (start 0 0) (end -2.56 1.639512) (angle -147.4) (layer F.SilkS) (width 0.12))
    (fp_arc (start 0 0) (end -2.56 -1.639512) (angle 147.4) (layer F.SilkS) (width 0.12))
    (fp_arc (start 0 0) (end -2.5 -1.566046) (angle 295.9) (layer F.Fab) (width 0.1))
    (pad 2 thru_hole circle (at 1.27 0) (size 2 2) (drill 1) (layers *.Cu *.Mask)
      (net 9 "Net-(D8-Pad1)"))
    (pad 1 thru_hole rect (at -1.27 0) (size 2 2) (drill 1) (layers *.Cu *.Mask)
      (net 10 "Net-(D10-Pad2)"))
    (model ${KISYS3DMOD}/LEDs.3dshapes/LED_D5.0mm_FlatTop.wrl
      (at (xyz 0 0 0))
      (scale (xyz 0.393701 0.393701 0.393701))
      (rotate (xyz 0 0 0))
    )
  )

  (module led_5mm_custom:LED_5mm_custom (layer F.Cu) (tedit 5DAA1E7A) (tstamp 5DAAE20C)
    (at 172.145001 -9.184999)
    (descr "LED, Round, FlatTop, diameter 5.0mm, 2 pins,")
    (tags "LED Round FlatTop diameter 5.0mm 2 pins")
    (path /5DACB7F5)
    (fp_text reference D10 (at 0 -4.01) (layer F.SilkS)
      (effects (font (size 1 1) (thickness 0.15)))
    )
    (fp_text value LED_ALT (at 0 4.01) (layer F.Fab) hide
      (effects (font (size 1 1) (thickness 0.15)))
    )
    (fp_arc (start 0 0) (end -2.5 -1.566046) (angle 295.9) (layer F.Fab) (width 0.1))
    (fp_arc (start 0 0) (end -2.56 -1.639512) (angle 147.4) (layer F.SilkS) (width 0.12))
    (fp_arc (start 0 0) (end -2.56 1.639512) (angle -147.4) (layer F.SilkS) (width 0.12))
    (fp_circle (center 0 0) (end 2.5 0) (layer F.Fab) (width 0.1))
    (fp_circle (center 0 0) (end 2.5 0) (layer F.SilkS) (width 0.12))
    (fp_line (start -2.5 -1.566046) (end -2.5 1.566046) (layer F.Fab) (width 0.1))
    (fp_line (start -2.56 -1.64) (end -2.56 1.64) (layer F.SilkS) (width 0.12))
    (fp_line (start -3.27 -3.3) (end -3.27 3.3) (layer F.CrtYd) (width 0.05))
    (fp_line (start -3.27 3.3) (end 3.28 3.3) (layer F.CrtYd) (width 0.05))
    (fp_line (start 3.28 3.3) (end 3.28 -3.3) (layer F.CrtYd) (width 0.05))
    (fp_line (start 3.28 -3.3) (end -3.27 -3.3) (layer F.CrtYd) (width 0.05))
    (pad 1 thru_hole rect (at -1.27 0) (size 2 2) (drill 1) (layers *.Cu *.Mask)
      (net 11 "Net-(D10-Pad1)"))
    (pad 2 thru_hole circle (at 1.27 0) (size 2 2) (drill 1) (layers *.Cu *.Mask)
      (net 10 "Net-(D10-Pad2)"))
    (model ${KISYS3DMOD}/LEDs.3dshapes/LED_D5.0mm_FlatTop.wrl
      (at (xyz 0 0 0))
      (scale (xyz 0.393701 0.393701 0.393701))
      (rotate (xyz 0 0 0))
    )
  )

  (module led_5mm_custom:LED_5mm_custom (layer F.Cu) (tedit 5DAA1E7A) (tstamp 5DAAE21D)
    (at 193.795001 -30.784999)
    (descr "LED, Round, FlatTop, diameter 5.0mm, 2 pins,")
    (tags "LED Round FlatTop diameter 5.0mm 2 pins")
    (path /5DB134E5)
    (fp_text reference D11 (at 0 -4.01) (layer F.SilkS)
      (effects (font (size 1 1) (thickness 0.15)))
    )
    (fp_text value LED_ALT (at 0 4.01) (layer F.Fab) hide
      (effects (font (size 1 1) (thickness 0.15)))
    )
    (fp_line (start 3.28 -3.3) (end -3.27 -3.3) (layer F.CrtYd) (width 0.05))
    (fp_line (start 3.28 3.3) (end 3.28 -3.3) (layer F.CrtYd) (width 0.05))
    (fp_line (start -3.27 3.3) (end 3.28 3.3) (layer F.CrtYd) (width 0.05))
    (fp_line (start -3.27 -3.3) (end -3.27 3.3) (layer F.CrtYd) (width 0.05))
    (fp_line (start -2.56 -1.64) (end -2.56 1.64) (layer F.SilkS) (width 0.12))
    (fp_line (start -2.5 -1.566046) (end -2.5 1.566046) (layer F.Fab) (width 0.1))
    (fp_circle (center 0 0) (end 2.5 0) (layer F.SilkS) (width 0.12))
    (fp_circle (center 0 0) (end 2.5 0) (layer F.Fab) (width 0.1))
    (fp_arc (start 0 0) (end -2.56 1.639512) (angle -147.4) (layer F.SilkS) (width 0.12))
    (fp_arc (start 0 0) (end -2.56 -1.639512) (angle 147.4) (layer F.SilkS) (width 0.12))
    (fp_arc (start 0 0) (end -2.5 -1.566046) (angle 295.9) (layer F.Fab) (width 0.1))
    (pad 2 thru_hole circle (at 1.27 0) (size 2 2) (drill 1) (layers *.Cu *.Mask)
      (net 2 "Net-(D1-Pad2)"))
    (pad 1 thru_hole rect (at -1.27 0) (size 2 2) (drill 1) (layers *.Cu *.Mask)
      (net 12 "Net-(D11-Pad1)"))
    (model ${KISYS3DMOD}/LEDs.3dshapes/LED_D5.0mm_FlatTop.wrl
      (at (xyz 0 0 0))
      (scale (xyz 0.393701 0.393701 0.393701))
      (rotate (xyz 0 0 0))
    )
  )

  (module led_5mm_custom:LED_5mm_custom (layer F.Cu) (tedit 5DAA1E7A) (tstamp 5DAAE22E)
    (at 201.395001 -38.434999)
    (descr "LED, Round, FlatTop, diameter 5.0mm, 2 pins,")
    (tags "LED Round FlatTop diameter 5.0mm 2 pins")
    (path /5DB134F0)
    (fp_text reference D12 (at 0 -4.01) (layer F.SilkS)
      (effects (font (size 1 1) (thickness 0.15)))
    )
    (fp_text value LED_ALT (at 0 4.01) (layer F.Fab) hide
      (effects (font (size 1 1) (thickness 0.15)))
    )
    (fp_arc (start 0 0) (end -2.5 -1.566046) (angle 295.9) (layer F.Fab) (width 0.1))
    (fp_arc (start 0 0) (end -2.56 -1.639512) (angle 147.4) (layer F.SilkS) (width 0.12))
    (fp_arc (start 0 0) (end -2.56 1.639512) (angle -147.4) (layer F.SilkS) (width 0.12))
    (fp_circle (center 0 0) (end 2.5 0) (layer F.Fab) (width 0.1))
    (fp_circle (center 0 0) (end 2.5 0) (layer F.SilkS) (width 0.12))
    (fp_line (start -2.5 -1.566046) (end -2.5 1.566046) (layer F.Fab) (width 0.1))
    (fp_line (start -2.56 -1.64) (end -2.56 1.64) (layer F.SilkS) (width 0.12))
    (fp_line (start -3.27 -3.3) (end -3.27 3.3) (layer F.CrtYd) (width 0.05))
    (fp_line (start -3.27 3.3) (end 3.28 3.3) (layer F.CrtYd) (width 0.05))
    (fp_line (start 3.28 3.3) (end 3.28 -3.3) (layer F.CrtYd) (width 0.05))
    (fp_line (start 3.28 -3.3) (end -3.27 -3.3) (layer F.CrtYd) (width 0.05))
    (pad 1 thru_hole rect (at -1.27 0) (size 2 2) (drill 1) (layers *.Cu *.Mask)
      (net 13 "Net-(D12-Pad1)"))
    (pad 2 thru_hole circle (at 1.27 0) (size 2 2) (drill 1) (layers *.Cu *.Mask)
      (net 12 "Net-(D11-Pad1)"))
    (model ${KISYS3DMOD}/LEDs.3dshapes/LED_D5.0mm_FlatTop.wrl
      (at (xyz 0 0 0))
      (scale (xyz 0.393701 0.393701 0.393701))
      (rotate (xyz 0 0 0))
    )
  )

  (module led_5mm_custom:LED_5mm_custom (layer F.Cu) (tedit 5DAA1E7A) (tstamp 5DAAE23F)
    (at 172.145001 -1.534999)
    (descr "LED, Round, FlatTop, diameter 5.0mm, 2 pins,")
    (tags "LED Round FlatTop diameter 5.0mm 2 pins")
    (path /5DB134FB)
    (fp_text reference D13 (at 0 -4.01) (layer F.SilkS)
      (effects (font (size 1 1) (thickness 0.15)))
    )
    (fp_text value LED_ALT (at 0 4.01) (layer F.Fab) hide
      (effects (font (size 1 1) (thickness 0.15)))
    )
    (fp_line (start 3.28 -3.3) (end -3.27 -3.3) (layer F.CrtYd) (width 0.05))
    (fp_line (start 3.28 3.3) (end 3.28 -3.3) (layer F.CrtYd) (width 0.05))
    (fp_line (start -3.27 3.3) (end 3.28 3.3) (layer F.CrtYd) (width 0.05))
    (fp_line (start -3.27 -3.3) (end -3.27 3.3) (layer F.CrtYd) (width 0.05))
    (fp_line (start -2.56 -1.64) (end -2.56 1.64) (layer F.SilkS) (width 0.12))
    (fp_line (start -2.5 -1.566046) (end -2.5 1.566046) (layer F.Fab) (width 0.1))
    (fp_circle (center 0 0) (end 2.5 0) (layer F.SilkS) (width 0.12))
    (fp_circle (center 0 0) (end 2.5 0) (layer F.Fab) (width 0.1))
    (fp_arc (start 0 0) (end -2.56 1.639512) (angle -147.4) (layer F.SilkS) (width 0.12))
    (fp_arc (start 0 0) (end -2.56 -1.639512) (angle 147.4) (layer F.SilkS) (width 0.12))
    (fp_arc (start 0 0) (end -2.5 -1.566046) (angle 295.9) (layer F.Fab) (width 0.1))
    (pad 2 thru_hole circle (at 1.27 0) (size 2 2) (drill 1) (layers *.Cu *.Mask)
      (net 13 "Net-(D12-Pad1)"))
    (pad 1 thru_hole rect (at -1.27 0) (size 2 2) (drill 1) (layers *.Cu *.Mask)
      (net 14 "Net-(D13-Pad1)"))
    (model ${KISYS3DMOD}/LEDs.3dshapes/LED_D5.0mm_FlatTop.wrl
      (at (xyz 0 0 0))
      (scale (xyz 0.393701 0.393701 0.393701))
      (rotate (xyz 0 0 0))
    )
  )

  (module led_5mm_custom:LED_5mm_custom (layer F.Cu) (tedit 5DAA1E7A) (tstamp 5DAAE250)
    (at 223.045001 -61.384999)
    (descr "LED, Round, FlatTop, diameter 5.0mm, 2 pins,")
    (tags "LED Round FlatTop diameter 5.0mm 2 pins")
    (path /5DB13506)
    (fp_text reference D14 (at 0 -4.01) (layer F.SilkS)
      (effects (font (size 1 1) (thickness 0.15)))
    )
    (fp_text value LED_ALT (at 0 4.01) (layer F.Fab) hide
      (effects (font (size 1 1) (thickness 0.15)))
    )
    (fp_arc (start 0 0) (end -2.5 -1.566046) (angle 295.9) (layer F.Fab) (width 0.1))
    (fp_arc (start 0 0) (end -2.56 -1.639512) (angle 147.4) (layer F.SilkS) (width 0.12))
    (fp_arc (start 0 0) (end -2.56 1.639512) (angle -147.4) (layer F.SilkS) (width 0.12))
    (fp_circle (center 0 0) (end 2.5 0) (layer F.Fab) (width 0.1))
    (fp_circle (center 0 0) (end 2.5 0) (layer F.SilkS) (width 0.12))
    (fp_line (start -2.5 -1.566046) (end -2.5 1.566046) (layer F.Fab) (width 0.1))
    (fp_line (start -2.56 -1.64) (end -2.56 1.64) (layer F.SilkS) (width 0.12))
    (fp_line (start -3.27 -3.3) (end -3.27 3.3) (layer F.CrtYd) (width 0.05))
    (fp_line (start -3.27 3.3) (end 3.28 3.3) (layer F.CrtYd) (width 0.05))
    (fp_line (start 3.28 3.3) (end 3.28 -3.3) (layer F.CrtYd) (width 0.05))
    (fp_line (start 3.28 -3.3) (end -3.27 -3.3) (layer F.CrtYd) (width 0.05))
    (pad 1 thru_hole rect (at -1.27 0) (size 2 2) (drill 1) (layers *.Cu *.Mask)
      (net 15 "Net-(D14-Pad1)"))
    (pad 2 thru_hole circle (at 1.27 0) (size 2 2) (drill 1) (layers *.Cu *.Mask)
      (net 14 "Net-(D13-Pad1)"))
    (model ${KISYS3DMOD}/LEDs.3dshapes/LED_D5.0mm_FlatTop.wrl
      (at (xyz 0 0 0))
      (scale (xyz 0.393701 0.393701 0.393701))
      (rotate (xyz 0 0 0))
    )
  )

  (module led_5mm_custom:LED_5mm_custom (layer F.Cu) (tedit 5DAA1E7A) (tstamp 5DAAE261)
    (at 213.295001 -53.734999)
    (descr "LED, Round, FlatTop, diameter 5.0mm, 2 pins,")
    (tags "LED Round FlatTop diameter 5.0mm 2 pins")
    (path /5DB13511)
    (fp_text reference D15 (at 0 -4.01) (layer F.SilkS)
      (effects (font (size 1 1) (thickness 0.15)))
    )
    (fp_text value LED_ALT (at 0 4.01) (layer F.Fab) hide
      (effects (font (size 1 1) (thickness 0.15)))
    )
    (fp_line (start 3.28 -3.3) (end -3.27 -3.3) (layer F.CrtYd) (width 0.05))
    (fp_line (start 3.28 3.3) (end 3.28 -3.3) (layer F.CrtYd) (width 0.05))
    (fp_line (start -3.27 3.3) (end 3.28 3.3) (layer F.CrtYd) (width 0.05))
    (fp_line (start -3.27 -3.3) (end -3.27 3.3) (layer F.CrtYd) (width 0.05))
    (fp_line (start -2.56 -1.64) (end -2.56 1.64) (layer F.SilkS) (width 0.12))
    (fp_line (start -2.5 -1.566046) (end -2.5 1.566046) (layer F.Fab) (width 0.1))
    (fp_circle (center 0 0) (end 2.5 0) (layer F.SilkS) (width 0.12))
    (fp_circle (center 0 0) (end 2.5 0) (layer F.Fab) (width 0.1))
    (fp_arc (start 0 0) (end -2.56 1.639512) (angle -147.4) (layer F.SilkS) (width 0.12))
    (fp_arc (start 0 0) (end -2.56 -1.639512) (angle 147.4) (layer F.SilkS) (width 0.12))
    (fp_arc (start 0 0) (end -2.5 -1.566046) (angle 295.9) (layer F.Fab) (width 0.1))
    (pad 2 thru_hole circle (at 1.27 0) (size 2 2) (drill 1) (layers *.Cu *.Mask)
      (net 15 "Net-(D14-Pad1)"))
    (pad 1 thru_hole rect (at -1.27 0) (size 2 2) (drill 1) (layers *.Cu *.Mask)
      (net 16 "Net-(D15-Pad1)"))
    (model ${KISYS3DMOD}/LEDs.3dshapes/LED_D5.0mm_FlatTop.wrl
      (at (xyz 0 0 0))
      (scale (xyz 0.393701 0.393701 0.393701))
      (rotate (xyz 0 0 0))
    )
  )

  (module led_5mm_custom:LED_5mm_custom (layer F.Cu) (tedit 5DAA1E7A) (tstamp 5DAAE272)
    (at 147.845001 10.315001)
    (descr "LED, Round, FlatTop, diameter 5.0mm, 2 pins,")
    (tags "LED Round FlatTop diameter 5.0mm 2 pins")
    (path /5DB1351C)
    (fp_text reference D16 (at 0 -4.01) (layer F.SilkS)
      (effects (font (size 1 1) (thickness 0.15)))
    )
    (fp_text value LED_ALT (at 0 4.01) (layer F.Fab) hide
      (effects (font (size 1 1) (thickness 0.15)))
    )
    (fp_arc (start 0 0) (end -2.5 -1.566046) (angle 295.9) (layer F.Fab) (width 0.1))
    (fp_arc (start 0 0) (end -2.56 -1.639512) (angle 147.4) (layer F.SilkS) (width 0.12))
    (fp_arc (start 0 0) (end -2.56 1.639512) (angle -147.4) (layer F.SilkS) (width 0.12))
    (fp_circle (center 0 0) (end 2.5 0) (layer F.Fab) (width 0.1))
    (fp_circle (center 0 0) (end 2.5 0) (layer F.SilkS) (width 0.12))
    (fp_line (start -2.5 -1.566046) (end -2.5 1.566046) (layer F.Fab) (width 0.1))
    (fp_line (start -2.56 -1.64) (end -2.56 1.64) (layer F.SilkS) (width 0.12))
    (fp_line (start -3.27 -3.3) (end -3.27 3.3) (layer F.CrtYd) (width 0.05))
    (fp_line (start -3.27 3.3) (end 3.28 3.3) (layer F.CrtYd) (width 0.05))
    (fp_line (start 3.28 3.3) (end 3.28 -3.3) (layer F.CrtYd) (width 0.05))
    (fp_line (start 3.28 -3.3) (end -3.27 -3.3) (layer F.CrtYd) (width 0.05))
    (pad 1 thru_hole rect (at -1.27 0) (size 2 2) (drill 1) (layers *.Cu *.Mask)
      (net 17 "Net-(D16-Pad1)"))
